1111111000001010101111111
1000001001100011001000001
1011101010110010001011101
1011101010100101001011101
1011101011101100101011101
1000001010010111101000001
1111111010101010101111111
0000000010010000000000000
1011111001101111101111100
0110100010001100000100010
0111001101110111011001011
1111100010001001101100001
1000111100100111001010111
1011100010101000100101010
1001101000100011010111011
1010010001101010111110001
1010001110101110111110100
0000000010100011100011000
1111111001111010101010111
1000001011010001100011000
1011101010110001111110111
1011101010001100111011111
1011101011000111000001101
1000001001001100110111001
1111111010001010010111111
